sudoku-board1.txt
615327849
849516732
327948561
951463278
732851496
486279315
173685924
564792183
298134657

sudoku-board2.txt
821564397
593817462
467932815
758241639
136795284
249683751
685429173
374156928
912378546

sudoku-board3.txt
295731861
431865924
846121411
117252216
112387211
542216733
363522149
128641354
154138672
Failed

sudoku-board4.txt
813429765
462571839
795368142
247153986
539846217
681297453
978615324
126734598
354982671

sudoku-board5.txt
736291458
842653971
591784632
917538246
254967183
683142795
469315827
175829364
328476519

